=============================================================
 CLASS WEIGHTS REPORT – bdd100k
=============================================================

Total labeled pixels: 1165765012

idx | class_name            | count         | freq
-------------------------------------------------------------
 0 | road                 |    307570459 | 0.26383573
 1 | sidewalk             |     29105190 | 0.02496660
 2 | building             |    190278604 | 0.16322209
 3 | wall                 |      6861590 | 0.00588591
 4 | fence                |     14752551 | 0.01265482
 5 | pole                 |     13242476 | 0.01135947
 6 | traffic_light        |      2582108 | 0.00221495
 7 | traffic_sign         |      4871193 | 0.00417854
 8 | vegetation           |    189430432 | 0.16249453
 9 | terrain              |     14758682 | 0.01266008
10 | sky                  |    249042663 | 0.21363024
11 | person               |      3598980 | 0.00308723
12 | rider                |       293382 | 0.00025166
13 | car                  |    116232560 | 0.09970497
14 | truck                |     13924192 | 0.01194425
15 | bus                  |      7947989 | 0.00681783
16 | train                |       197106 | 0.00016908
17 | motorcycle           |       344813 | 0.00029578
18 | bicycle              |       730042 | 0.00062623


----------- WEIGHT ARRAYS -----------

inv_raw: [3.790223, 40.051906, 6.126584, 169.868352, 79.015006, 88.024505, 451.274281, 239.260914, 6.154016, 78.982184, 4.680963, 323.810503, 3957.813131, 10.029490, 83.715265, 146.652700, 5879.631989, 3369.469834, 1594.300646]
inv_norm: [0.004356, 0.046029, 0.007041, 0.195220, 0.090807, 0.101161, 0.518623, 0.274968, 0.007072, 0.090770, 0.005380, 0.372136, 4.548481, 0.011526, 0.096209, 0.168539, 6.757113, 3.872332, 1.832235]
inv_norm_clamp: [0.100000, 0.100000, 0.100000, 0.195220, 0.100000, 0.101161, 0.518623, 0.274968, 0.100000, 0.100000, 0.100000, 0.372136, 4.548481, 0.100000, 0.100000, 0.168539, 6.757113, 3.872332, 1.832235]
mfb: [0.043055, 0.454969, 0.069595, 1.929615, 0.897569, 0.999912, 5.126238, 2.717878, 0.069906, 0.897196, 0.053173, 3.678317, 44.958671, 0.113930, 0.950961, 1.665897, 66.789520, 38.275401, 18.110415]
log_k_1.01: [4.131661, 29.095037, 6.259595, 63.443582, 44.636894, 47.313682, 82.359198, 71.022988, 6.283996, 44.626650, 4.954840, 76.903465, 98.034768, 9.606602, 46.066133, 59.955774, 98.826813, 97.616862, 94.596979]
log_k_1.02: [4.002353, 22.734568, 5.943814, 39.127430, 31.119731, 32.384701, 45.510879, 41.855293, 5.965624, 31.114800, 4.762765, 43.810217, 49.874548, 8.844382, 31.800935, 37.785027, 50.076725, 49.767218, 48.977895]
log_k_1.05: [3.663652, 13.833072, 5.173827, 18.388746, 16.455144, 16.792174, 19.646996, 18.952756, 5.189935, 16.453804, 4.273696, 19.332258, 20.395357, 7.168139, 16.638279, 18.095194, 20.428120, 20.377898, 20.248099]
log_k_1.1: [3.222669, 8.492263, 4.279604, 9.935652, 9.367700, 9.471050, 10.275100, 10.090557, 4.290182, 9.367285, 3.665753, 10.192254, 10.466837, 5.492197, 9.424097, 9.853189, 10.475067, 10.462446, 10.429679]
log_k_1.01_norm: [0.079638, 0.560805, 0.120653, 1.222872, 0.860374, 0.911969, 1.587469, 1.368964, 0.121124, 0.860176, 0.095504, 1.482310, 1.889615, 0.185167, 0.887922, 1.155644, 1.904882, 1.881560, 1.823352]
log_k_1.02_norm: [0.129889, 0.737809, 0.192896, 1.269809, 1.009934, 1.050986, 1.476972, 1.358337, 0.193603, 1.009774, 0.154567, 1.421781, 1.618587, 0.287028, 1.032041, 1.226244, 1.625149, 1.615104, 1.589488]
sqrt_inv: [1.946849, 6.328657, 2.475194, 13.033355, 8.889039, 9.382138, 21.243217, 15.468061, 2.480729, 8.887192, 2.163553, 17.994735, 62.911153, 3.166937, 9.149605, 12.110025, 76.678758, 58.047135, 39.928695]
sqrt_inv_norm: [0.099360, 0.322990, 0.126324, 0.665172, 0.453662, 0.478828, 1.084172, 0.789430, 0.126607, 0.453568, 0.110419, 0.918382, 3.210744, 0.161628, 0.466961, 0.618049, 3.913390, 2.962503, 2.037807]
sqrt_inv_norm_clamp: [0.100000, 0.322990, 0.126324, 0.665172, 0.453662, 0.478828, 1.084172, 0.789430, 0.126607, 0.453568, 0.110419, 0.918382, 3.210744, 0.161628, 0.466961, 0.618049, 3.913390, 2.962503, 2.037807]

Done.
