=============================================================
 CLASS WEIGHTS REPORT – cityscapes
=============================================================

Total labeled pixels: 1380943665

idx | class_name            | count         | freq
-------------------------------------------------------------
 0 | road                 |    509318552 | 0.36881921
 1 | sidewalk             |     84100371 | 0.06090065
 2 | building             |    315106688 | 0.22818215
 3 | wall                 |      9057255 | 0.00655874
 4 | fence                |     12124409 | 0.00877980
 5 | pole                 |     16949251 | 0.01227367
 6 | traffic_light        |      2868134 | 0.00207694
 7 | traffic_sign         |      7610506 | 0.00551109
 8 | vegetation           |    219844228 | 0.15919855
 9 | terrain              |     16002169 | 0.01158785
10 | sky                  |     55361887 | 0.04008990
11 | person               |     16838484 | 0.01219346
12 | rider                |      1866372 | 0.00135152
13 | car                  |     96652951 | 0.06999051
14 | truck                |      3694686 | 0.00267548
15 | bus                  |      3248408 | 0.00235231
16 | train                |      3217241 | 0.00232974
17 | motorcycle           |      1363153 | 0.00098712
18 | bicycle              |      5718920 | 0.00414131


----------- WEIGHT ARRAYS -----------

inv_raw: [2.711348, 16.419916, 4.382445, 152.444990, 113.884841, 81.468565, 481.246375, 181.419361, 6.281425, 86.289834, 24.943319, 82.004438, 739.360990, 14.287447, 373.625177, 424.933338, 429.048111, 1012.025880, 241.411016]
inv_norm: [0.011529, 0.069822, 0.018635, 0.648239, 0.484270, 0.346427, 2.046395, 0.771446, 0.026710, 0.366929, 0.106066, 0.348706, 3.143972, 0.060754, 1.588760, 1.806936, 1.824434, 4.303420, 1.026548]
inv_norm_clamp: [0.100000, 0.100000, 0.100000, 0.648239, 0.484270, 0.346427, 2.046395, 0.771446, 0.100000, 0.366929, 0.106066, 0.348706, 3.143972, 0.100000, 1.588760, 1.806936, 1.824434, 4.303420, 1.026548]
mfb: [0.023805, 0.144164, 0.038477, 1.338437, 0.999886, 0.715278, 4.225247, 1.592826, 0.055150, 0.757607, 0.218997, 0.719983, 6.491442, 0.125441, 3.280354, 3.730830, 3.766957, 8.885385, 2.119540]
log_k_1.01: [3.113052, 14.598336, 4.680660, 60.886041, 53.744318, 45.392201, 83.294591, 64.964559, 6.397160, 46.818426, 20.459635, 45.554456, 88.585234, 12.994915, 79.385208, 81.448939, 81.597106, 91.506493, 71.208621]
log_k_1.02: [3.044561, 12.854205, 4.510824, 38.148782, 35.243021, 31.481400, 45.792266, 39.695002, 6.066641, 32.154147, 17.136594, 31.558602, 47.331121, 11.604979, 44.596688, 45.234261, 45.279477, 48.144278, 41.919064]
log_k_1.05: [2.858567, 9.508235, 4.074321, 18.175835, 17.507598, 16.552858, 19.697759, 18.509592, 5.264305, 16.731725, 11.592713, 16.573574, 19.969068, 8.824482, 19.479527, 19.596737, 19.604976, 20.108269, 18.965449]
log_k_1.1: [2.601054, 6.702548, 3.523460, 9.875970, 9.684195, 9.397863, 10.288338, 9.969229, 4.338842, 9.452655, 7.627300, 9.404236, 10.358509, 6.369569, 10.231185, 10.261960, 10.264117, 10.394139, 10.093991]
log_k_1.01_norm: [0.061830, 0.289943, 0.092964, 1.209281, 1.067437, 0.901552, 1.654346, 1.290286, 0.127056, 0.929879, 0.406357, 0.904775, 1.759426, 0.258097, 1.576700, 1.617689, 1.620632, 1.817446, 1.414302]
log_k_1.02_norm: [0.099428, 0.419786, 0.147312, 1.245844, 1.150949, 1.028104, 1.495461, 1.296339, 0.198121, 1.050074, 0.559638, 1.030625, 1.545716, 0.378990, 1.456416, 1.477238, 1.478714, 1.572272, 1.368972]
sqrt_inv: [1.646617, 4.052149, 2.093429, 12.346862, 10.671684, 9.025994, 21.937328, 13.469200, 2.506277, 9.289232, 4.994329, 9.055630, 27.191193, 3.779874, 19.329386, 20.613911, 20.713477, 31.812354, 15.537407]
sqrt_inv_norm: [0.130321, 0.320707, 0.165684, 0.977190, 0.844608, 0.714360, 1.736225, 1.066017, 0.198359, 0.735194, 0.395275, 0.716706, 2.152041, 0.299157, 1.529820, 1.631484, 1.639364, 2.517782, 1.229705]
sqrt_inv_norm_clamp: [0.130321, 0.320707, 0.165684, 0.977190, 0.844608, 0.714360, 1.736225, 1.066017, 0.198359, 0.735194, 0.395275, 0.716706, 2.152041, 0.299157, 1.529820, 1.631484, 1.639364, 2.517782, 1.229705]

Done.
