=============================================================
 CLASS WEIGHTS REPORT – GLOBAL
=============================================================

Total labeled pixels: 4045387583

idx | class_name            | count         | freq
-------------------------------------------------------------
 0 | road                 |    907881739 | 0.22442392
 1 | sidewalk             |    189490879 | 0.04684122
 2 | building             |    595244611 | 0.14714155
 3 | wall                 |     40911948 | 0.01011323
 4 | fence                |     68936332 | 0.01704072
 5 | pole                 |     51737900 | 0.01278936
 6 | traffic_light        |      7964883 | 0.00196888
 7 | traffic_sign         |     24696486 | 0.00610485
 8 | vegetation           |    668549121 | 0.16526207
 9 | terrain              |     74186227 | 0.01833847
10 | sky                  |   1216541418 | 0.30072308
11 | person               |     12493720 | 0.00308839
12 | rider                |      2349247 | 0.00058072
13 | car                  |    142846380 | 0.03531093
14 | truck                |     15738211 | 0.00389041
15 | bus                  |     11471972 | 0.00283582
16 | train                |      9117503 | 0.00225380
17 | motorcycle           |      2439215 | 0.00060296
18 | bicycle              |      2789791 | 0.00068962


----------- WEIGHT ARRAYS -----------

inv_raw: [4.455833, 21.348264, 6.796131, 98.870570, 58.679510, 78.183910, 507.645117, 163.777350, 6.050959, 54.527197, 3.325307, 323.688872, 1719.033132, 28.319045, 256.976350, 352.507969, 443.497903, 1655.733299, 1447.968679]
inv_norm: [0.011707, 0.056091, 0.017856, 0.259776, 0.154177, 0.205423, 1.333805, 0.430314, 0.015899, 0.143267, 0.008737, 0.850472, 4.516649, 0.074406, 0.675189, 0.926192, 1.165262, 4.350333, 3.804445]
inv_norm_clamp: [0.100000, 0.100000, 0.100000, 0.259776, 0.154177, 0.205423, 1.333805, 0.430314, 0.100000, 0.143267, 0.100000, 0.850472, 4.516649, 0.100000, 0.675189, 0.926192, 1.165262, 4.350333, 3.804445]
mfb: [0.045063, 0.215900, 0.068731, 0.999901, 0.593440, 0.790692, 5.133933, 1.656319, 0.061195, 0.551446, 0.033630, 3.273541, 17.384983, 0.286397, 2.598862, 3.564995, 4.485198, 16.744817, 14.643645]
log_k_1.01: [4.748221, 18.087951, 6.851490, 50.214379, 37.477668, 44.376332, 84.042034, 62.587908, 6.192257, 35.784144, 3.695769, 76.896692, 95.001697, 22.565552, 72.485790, 78.399879, 82.099650, 94.803495, 94.039035]
log_k_1.02: [4.573028, 15.455213, 6.470042, 33.704417, 27.493553, 30.994083, 46.015051, 38.803442, 5.883573, 26.579644, 3.594793, 43.808040, 49.085101, 18.574798, 42.354083, 44.287061, 45.432288, 49.032655, 48.829367]
log_k_1.05: [4.123796, 10.818373, 5.557485, 17.130131, 15.410677, 16.420938, 19.737693, 18.318904, 5.129242, 15.127323, 3.326228, 19.331846, 20.265875, 12.214869, 19.051459, 19.421907, 19.632753, 20.257185, 20.223394]
log_k_1.1: [3.558993, 7.298617, 4.527858, 9.572774, 9.034740, 9.357102, 10.298727, 9.916149, 4.250254, 8.940947, 2.967453, 10.192145, 10.434179, 7.879759, 10.117200, 10.215988, 10.271380, 10.431979, 10.423418]
log_k_1.01_norm: [0.092973, 0.354172, 0.134156, 0.983226, 0.733834, 0.868914, 1.645590, 1.225507, 0.121248, 0.700674, 0.072365, 1.505681, 1.860187, 0.441846, 1.419313, 1.535114, 1.607557, 1.856306, 1.841337]
log_k_1.02_norm: [0.149556, 0.505446, 0.211596, 1.102266, 0.899147, 1.013628, 1.504872, 1.269024, 0.192416, 0.869258, 0.117564, 1.432694, 1.605275, 0.607469, 1.385144, 1.448360, 1.485814, 1.603560, 1.596911]
sqrt_inv: [2.110884, 4.620418, 2.606939, 9.943368, 7.660255, 8.842167, 22.530981, 12.797553, 2.459870, 7.384253, 1.823543, 17.991355, 41.461224, 5.321564, 16.030482, 18.775196, 21.059390, 40.690703, 38.052184]
sqrt_inv_norm: [0.142141, 0.311126, 0.175544, 0.669558, 0.515820, 0.595406, 1.517171, 0.861750, 0.165641, 0.497234, 0.122792, 1.211486, 2.791879, 0.358339, 1.079446, 1.264268, 1.418079, 2.739995, 2.562324]
sqrt_inv_norm_clamp: [0.142141, 0.311126, 0.175544, 0.669558, 0.515820, 0.595406, 1.517171, 0.861750, 0.165641, 0.497234, 0.122792, 1.211486, 2.791879, 0.358339, 1.079446, 1.264268, 1.418079, 2.739995, 2.562324]

Done.
