=============================================================
 CLASS WEIGHTS REPORT – ACDC
=============================================================

Total labeled pixels: 304441148

idx | class_name            | count         | freq
-------------------------------------------------------------
 0 | road                 |     45378602 | 0.14905542
 1 | sidewalk             |     14352750 | 0.04714458
 2 | building             |     58857958 | 0.19333115
 3 | wall                 |      4709736 | 0.01547010
 4 | fence                |      5242914 | 0.01722144
 5 | pole                 |      3330201 | 0.01093873
 6 | traffic_light        |       665886 | 0.00218724
 7 | traffic_sign         |      1141989 | 0.00375110
 8 | vegetation           |     58580210 | 0.19241883
 9 | terrain              |      4457127 | 0.01464036
10 | sky                  |     97235718 | 0.31939085
11 | person               |       404984 | 0.00133025
12 | rider                |        67629 | 0.00022214
13 | car                  |      6590427 | 0.02164762
14 | truck                |       972740 | 0.00319517
15 | bus                  |       724244 | 0.00237893
16 | train                |      1453274 | 0.00477358
17 | motorcycle           |        94030 | 0.00030886
18 | bicycle              |       180729 | 0.00059364


----------- WEIGHT ARRAYS -----------

inv_raw: [6.708869, 21.210896, 5.172445, 64.636631, 58.063793, 91.409894, 456.988166, 266.517461, 5.196970, 68.299682, 3.130950, 751.171554, 4481.462191, 46.192316, 312.874865, 420.180530, 209.442531, 3227.253422, 1681.684589]
inv_norm: [0.010467, 0.033094, 0.008070, 0.100849, 0.090594, 0.142622, 0.713012, 0.415832, 0.008109, 0.106564, 0.004885, 1.172009, 6.992166, 0.072071, 0.488161, 0.655583, 0.326781, 5.035296, 2.623835]
inv_norm_clamp: [0.100000, 0.100000, 0.100000, 0.100849, 0.100000, 0.142622, 0.713012, 0.415832, 0.100000, 0.106564, 0.100000, 1.172009, 6.992166, 0.100000, 0.488161, 0.655583, 0.326781, 5.035296, 2.623835]
mfb: [0.073387, 0.232020, 0.056580, 0.707043, 0.635144, 0.999909, 4.998872, 2.915364, 0.056848, 0.747112, 0.034249, 8.216866, 49.021527, 0.505285, 3.422455, 4.596243, 2.291036, 35.302070, 18.395502]
log_k_1.01: [6.774781, 17.994535, 5.402646, 39.758080, 37.232166, 48.254370, 82.545288, 73.215032, 5.424875, 41.080153, 3.512203, 88.750548, 98.316443, 32.094355, 76.278494, 81.274880, 68.182600, 97.493663, 94.886456]
log_k_1.02: [6.402174, 15.387598, 5.171422, 28.689057, 27.362471, 32.818358, 45.567090, 42.599585, 5.191617, 29.364392, 3.422130, 47.377811, 49.946633, 24.506998, 43.608662, 45.181049, 40.861915, 49.735491, 49.054620]
log_k_1.05: [5.508582, 10.786104, 4.591474, 15.768630, 15.370564, 16.904725, 19.657166, 19.099562, 4.607001, 15.964753, 3.180998, 19.977137, 20.407057, 14.451236, 19.294028, 19.587028, 18.752200, 20.372729, 20.260826]
log_k_1.1: [4.496637, 7.284555, 3.887693, 9.151071, 9.021555, 9.505137, 10.277755, 10.130134, 3.898388, 9.213813, 2.855279, 10.360582, 10.469777, 8.710833, 10.182100, 10.259418, 10.035998, 10.461145, 10.432901]
log_k_1.01_norm: [0.128918, 0.342420, 0.102807, 0.756560, 0.708494, 0.918236, 1.570761, 1.393215, 0.103230, 0.781718, 0.066834, 1.688842, 1.870872, 0.610726, 1.451510, 1.546587, 1.297452, 1.855215, 1.805602]
log_k_1.02_norm: [0.205389, 0.493651, 0.165905, 0.920376, 0.877818, 1.052849, 1.461842, 1.366641, 0.166553, 0.942042, 0.109786, 1.519932, 1.602343, 0.786211, 1.399014, 1.449458, 1.310895, 1.595569, 1.573726]
sqrt_inv: [2.590148, 4.605529, 2.274301, 8.039691, 7.619960, 9.560852, 21.377282, 16.325363, 2.279686, 8.264362, 1.769449, 27.407509, 66.943724, 6.796493, 17.688269, 20.498306, 14.472129, 56.808920, 41.008348]
sqrt_inv_norm: [0.146323, 0.260176, 0.128480, 0.454179, 0.430467, 0.540112, 1.207647, 0.922254, 0.128784, 0.466871, 0.099960, 1.548307, 3.781790, 0.383948, 0.999247, 1.157992, 0.817561, 3.209254, 2.316647]
sqrt_inv_norm_clamp: [0.146323, 0.260176, 0.128480, 0.454179, 0.430467, 0.540112, 1.207647, 0.922254, 0.128784, 0.466871, 0.100000, 1.548307, 3.781790, 0.383948, 0.999247, 1.157992, 0.817561, 3.209254, 2.316647]

Done.
