=============================================================
 CLASS WEIGHTS REPORT – idda
=============================================================

Total labeled pixels: 4219060362

idx | class_name            | count         | freq
-------------------------------------------------------------
 0 | road                 |   1420118493 | 0.33659592
 1 | sidewalk             |    171105129 | 0.04055527
 2 | building             |   1249158905 | 0.29607514
 3 | wall                 |    133028798 | 0.03153043
 4 | fence                |     11036226 | 0.00261580
 5 | pole                 |     83945889 | 0.01989682
 6 | traffic_light        |      5301146 | 0.00125648
 7 | traffic_sign         |      5734033 | 0.00135908
 8 | vegetation           |    255331940 | 0.06051867
 9 | terrain              |     15776229 | 0.00373928
10 | sky                  |    727474557 | 0.17242573
11 | person               |      2709057 | 0.00064210
12 | rider                |      5090653 | 0.00120658
13 | car                  |    105315948 | 0.02496194
14 | truck                |     21986622 | 0.00521126
15 | bus                  |      4649797 | 0.00110209
16 | train                |      1296940 | 0.00030740
17 | motorcycle           |            0 | 0.00000000
18 | bicycle              |            0 | 0.00000000


----------- WEIGHT ARRAYS -----------

inv_raw: [2.970913, 24.657100, 3.377510, 31.714385, 382.145859, 50.256759, 795.244119, 735.251836, 16.523552, 267.359985, 5.799565, 1554.969074, 828.099374, 40.059378, 191.855343, 906.541857, 3242.540048, 1000000.000000, 1000000.000000]
inv_norm: [0.000028, 0.000233, 0.000032, 0.000300, 0.003614, 0.000475, 0.007521, 0.006953, 0.000156, 0.002528, 0.000055, 0.014705, 0.007831, 0.000379, 0.001814, 0.008573, 0.030665, 9.457068, 9.457068]
inv_norm_clamp: [0.100000, 0.100000, 0.100000, 0.100000, 0.100000, 0.100000, 0.100000, 0.100000, 0.100000, 0.100000, 0.100000, 0.100000, 0.100000, 0.100000, 0.100000, 0.100000, 0.100000, 9.457068, 9.457068]
mfb: [0.015482, 0.128495, 0.017601, 0.165272, 1.991462, 0.261901, 4.144224, 3.831589, 0.086109, 1.393282, 0.030223, 8.103349, 4.315441, 0.208760, 0.999808, 4.724226, 16.897720, 5211.260355, 5211.260355]
log_k_1.01: [3.360434, 20.275831, 3.744935, 24.574758, 79.758344, 33.944799, 89.328930, 88.526622, 14.674762, 73.277607, 5.967695, 94.456709, 89.724363, 29.098847, 66.235192, 90.564073, 97.507409, 100.489172, 100.489172]
log_k_1.02: [3.278911, 17.008668, 3.640935, 19.901445, 44.713052, 25.560765, 47.540522, 47.314547, 12.912872, 42.620555, 5.682125, 48.940635, 47.651193, 22.736872, 40.161168, 47.884678, 49.739032, 50.495850, 50.495850]
log_k_1.05: [3.059484, 11.535635, 3.364808, 12.758677, 19.501063, 14.800968, 20.005184, 19.966202, 9.539429, 19.103656, 4.979137, 20.241910, 20.024196, 13.833901, 18.607441, 20.064134, 20.373306, 20.495534, 20.495534]
log_k_1.1: [2.760318, 7.603632, 2.997013, 8.092450, 10.236854, 8.831001, 10.367778, 10.357773, 6.717365, 10.131234, 4.150654, 10.428111, 10.372650, 8.492562, 9.996261, 10.382869, 10.461290, 10.491959, 10.491959]
log_k_1.01_norm: [0.057729, 0.348319, 0.064334, 0.422170, 1.370171, 0.583139, 1.534584, 1.520801, 0.252098, 1.258838, 0.102519, 1.622675, 1.541377, 0.499890, 1.137856, 1.555803, 1.675083, 1.726306, 1.726306]
log_k_1.02_norm: [0.099159, 0.514364, 0.110107, 0.601846, 1.352181, 0.772991, 1.437688, 1.430854, 0.390502, 1.288901, 0.171835, 1.480029, 1.441034, 0.687593, 1.214526, 1.448095, 1.504173, 1.527061, 1.527061]
sqrt_inv: [1.723634, 4.965592, 1.837800, 5.631553, 19.548551, 7.089200, 28.200073, 27.115528, 4.064917, 16.351146, 2.408229, 39.433096, 28.776716, 6.329248, 13.851186, 30.108834, 56.943306, 1000.000000, 1000.000000]
sqrt_inv_norm: [0.014274, 0.041121, 0.015219, 0.046636, 0.161884, 0.058706, 0.233528, 0.224547, 0.033662, 0.135406, 0.019943, 0.326550, 0.238303, 0.052413, 0.114703, 0.249335, 0.471554, 8.281109, 8.281109]
sqrt_inv_norm_clamp: [0.100000, 0.100000, 0.100000, 0.100000, 0.161884, 0.100000, 0.233528, 0.224547, 0.100000, 0.135406, 0.100000, 0.326550, 0.238303, 0.100000, 0.114703, 0.249335, 0.471554, 8.281109, 8.281109]

Done.
