=============================================================
 CLASS WEIGHTS REPORT – mapillary
=============================================================

Total labeled pixels: 3486744950

idx | class_name            | count         | freq
-------------------------------------------------------------
 0 | road                 |    804090970 | 0.23061365
 1 | sidewalk             |    155748830 | 0.04466883
 2 | building             |    489939884 | 0.14051498
 3 | wall                 |     29548741 | 0.00847459
 4 | fence                |     58155192 | 0.01667893
 5 | pole                 |     45886679 | 0.01316032
 6 | traffic_light        |      6983498 | 0.00200287
 7 | traffic_sign         |     22643711 | 0.00649423
 8 | vegetation           |    556877979 | 0.15971285
 9 | terrain              |     61041705 | 0.01750679
10 | sky                  |   1078390811 | 0.30928296
11 | person               |     11524013 | 0.00330509
12 | rider                |      2198594 | 0.00063056
13 | car                  |    128905483 | 0.03697015
14 | truck                |     13892533 | 0.00398438
15 | bus                  |     10218235 | 0.00293059
16 | train                |      6085117 | 0.00174521
17 | motorcycle           |      2243366 | 0.00064340
18 | bicycle              |      2369609 | 0.00067960


----------- WEIGHT ARRAYS -----------

inv_raw: [4.336238, 22.386472, 7.116628, 117.985858, 59.952272, 75.980221, 499.034287, 153.959222, 6.261198, 57.117438, 3.233275, 302.471917, 1583.386512, 27.048117, 250.916810, 341.111315, 572.667412, 1551.835098, 1469.281194]
inv_norm: [0.011594, 0.059856, 0.019028, 0.315467, 0.160298, 0.203153, 1.334301, 0.411651, 0.016741, 0.152719, 0.008645, 0.808739, 4.233605, 0.072320, 0.670893, 0.912052, 1.531179, 4.149244, 3.928514]
inv_norm_clamp: [0.100000, 0.100000, 0.100000, 0.315467, 0.160298, 0.203153, 1.334301, 0.411651, 0.100000, 0.152719, 0.100000, 0.808739, 4.233605, 0.100000, 0.670893, 0.912052, 1.531179, 4.149244, 3.928514]
mfb: [0.036748, 0.189716, 0.060311, 0.999882, 0.508071, 0.643901, 4.229112, 1.304742, 0.053061, 0.484047, 0.027401, 2.563326, 13.418555, 0.229222, 2.126418, 2.890779, 4.853123, 13.151169, 12.451559]
log_k_1.01: [4.638070, 18.787188, 7.132133, 54.623939, 37.979157, 43.673524, 83.805470, 61.122236, 6.379213, 36.851080, 3.608947, 75.652444, 94.558712, 21.785839, 72.002060, 77.828915, 85.632839, 94.445245, 94.126770]
log_k_1.02: [4.471569, 15.957939, 6.717509, 35.615455, 27.759860, 30.652897, 45.944737, 38.240469, 6.050635, 27.158061, 3.513204, 43.405316, 48.967736, 18.048127, 42.190081, 44.106069, 46.483223, 48.937587, 48.852779]
log_k_1.05: [4.043015, 11.055490, 5.734379, 17.596417, 15.491636, 16.327371, 19.725113, 18.196031, 5.252546, 15.307662, 3.257774, 19.255254, 20.246412, 11.991117, 19.019151, 19.388010, 19.820881, 20.241404, 20.227294]
log_k_1.1: [3.500898, 7.401035, 4.639781, 9.710083, 9.061259, 9.328010, 10.295457, 9.881661, 4.331168, 9.000818, 2.914757, 10.171780, 10.429251, 7.790113, 10.108494, 10.207027, 10.320302, 10.427983, 10.424407]
log_k_1.01_norm: [0.090417, 0.366247, 0.139037, 1.064866, 0.740385, 0.851394, 1.633746, 1.191548, 0.124360, 0.718393, 0.070355, 1.474807, 1.843375, 0.424704, 1.403644, 1.517236, 1.669370, 1.841163, 1.834954]
log_k_1.02_norm: [0.145710, 0.520005, 0.218896, 1.160564, 0.904582, 0.998854, 1.497153, 1.246102, 0.197166, 0.884971, 0.114481, 1.414404, 1.595660, 0.588115, 1.374804, 1.437238, 1.514700, 1.594678, 1.591915]
sqrt_inv: [2.082364, 4.731435, 2.667701, 10.862130, 7.742885, 8.716663, 22.339075, 12.408031, 2.502239, 7.557608, 1.798131, 17.391720, 39.791790, 5.200780, 15.840354, 18.469199, 23.930470, 39.393338, 38.331204]
sqrt_inv_norm: [0.140422, 0.319059, 0.179894, 0.732476, 0.522133, 0.587799, 1.506412, 0.836723, 0.168736, 0.509639, 0.121255, 1.172793, 2.683318, 0.350709, 1.068178, 1.245451, 1.613726, 2.656449, 2.584825]
sqrt_inv_norm_clamp: [0.140422, 0.319059, 0.179894, 0.732476, 0.522133, 0.587799, 1.506412, 0.836723, 0.168736, 0.509639, 0.121255, 1.172793, 2.683318, 0.350709, 1.068178, 1.245451, 1.613726, 2.656449, 2.584825]

Done.
