=============================================================
 CLASS WEIGHTS REPORT – muses
=============================================================

Total labeled pixels: 254201485

idx | class_name            | count         | freq
-------------------------------------------------------------
 0 | road                 |     58412167 | 0.22978688
 1 | sidewalk             |     19389299 | 0.07627532
 2 | building             |     46446769 | 0.18271636
 3 | wall                 |      6653471 | 0.02617401
 4 | fence                |      5538226 | 0.02178676
 5 | pole                 |      2521020 | 0.00991741
 6 | traffic_light        |       315499 | 0.00124114
 7 | traffic_sign         |       910786 | 0.00358293
 8 | vegetation           |     53090932 | 0.20885374
 9 | terrain              |      8687395 | 0.03417523
10 | sky                  |     40914889 | 0.16095456
11 | person               |       564723 | 0.00222156
12 | rider                |        83024 | 0.00032661
13 | car                  |      7350470 | 0.02891592
14 | truck                |       872938 | 0.00343404
15 | bus                  |       529493 | 0.00208297
16 | train                |      1579112 | 0.00621205
17 | motorcycle           |       101819 | 0.00040054
18 | bicycle              |       239453 | 0.00094198


----------- WEIGHT ARRAYS -----------

inv_raw: [4.351840, 13.110229, 5.472934, 38.204386, 45.897336, 100.822626, 805.063840, 279.023346, 4.788017, 29.260100, 6.212895, 449.932288, 3052.437258, 34.581829, 291.117448, 479.854324, 160.951580, 2490.384168, 1060.466617]
inv_norm: [0.008841, 0.026636, 0.011119, 0.077619, 0.093248, 0.204838, 1.635620, 0.566882, 0.009728, 0.059447, 0.012623, 0.914112, 6.201532, 0.070259, 0.591453, 0.974903, 0.327000, 5.059628, 2.154513]
inv_norm_clamp: [0.100000, 0.100000, 0.100000, 0.100000, 0.100000, 0.204838, 1.635620, 0.566882, 0.100000, 0.100000, 0.100000, 0.914112, 6.201532, 0.100000, 0.591453, 0.974903, 0.327000, 5.059628, 2.154513]
mfb: [0.043159, 0.130019, 0.054277, 0.378889, 0.455183, 0.999899, 7.984147, 2.767189, 0.047485, 0.290184, 0.061616, 4.462162, 30.272268, 0.342962, 2.887131, 4.758911, 1.596223, 24.698157, 10.517081]
log_k_1.01: [4.652455, 12.083771, 5.674268, 28.140435, 31.956045, 50.703170, 89.450124, 74.115277, 5.052759, 23.133004, 6.336327, 82.314931, 97.326995, 26.192582, 74.931120, 83.253288, 62.177374, 96.638706, 91.881870]
log_k_1.02: [4.484831, 10.879111, 5.417604, 22.152977, 24.427043, 33.921781, 47.574490, 42.899812, 4.852422, 18.953882, 6.012365, 45.497491, 49.692505, 20.938844, 43.169216, 45.779902, 38.646783, 49.514214, 48.246967]
log_k_1.05: [4.053599, 8.409234, 4.779636, 13.621548, 14.424175, 17.184513, 20.011025, 19.157962, 4.344004, 12.373104, 5.224394, 19.644572, 20.365719, 13.165225, 19.209974, 19.695536, 18.284907, 20.336564, 20.125649]
log_k_1.1: [3.508533, 6.159388, 4.016375, 8.415600, 8.701431, 9.588968, 10.369275, 10.145795, 3.715366, 7.942395, 4.312765, 10.274467, 10.459380, 8.246831, 10.159703, 10.287759, 9.906629, 10.452034, 10.398570]
log_k_1.01_norm: [0.093441, 0.242694, 0.113963, 0.565180, 0.641813, 1.018336, 1.796539, 1.488550, 0.101481, 0.464609, 0.127260, 1.653234, 1.954741, 0.526059, 1.504936, 1.672081, 1.248786, 1.940917, 1.845379]
log_k_1.02_norm: [0.151336, 0.367105, 0.182812, 0.747531, 0.824267, 1.144658, 1.605356, 1.447613, 0.163740, 0.639581, 0.202882, 1.535270, 1.676826, 0.706561, 1.456704, 1.544799, 1.304099, 1.670810, 1.628048]
sqrt_inv: [2.086106, 3.620805, 2.339430, 6.180970, 6.774757, 10.041047, 28.373647, 16.703992, 2.188154, 5.409261, 2.492568, 21.211607, 55.248867, 5.880632, 17.062164, 21.905577, 12.686669, 49.903749, 32.564806]
sqrt_inv_norm: [0.130952, 0.227291, 0.146855, 0.388002, 0.425276, 0.630313, 1.781117, 1.048570, 0.137358, 0.339559, 0.156468, 1.331530, 3.468172, 0.369149, 1.071054, 1.375093, 0.796388, 3.132640, 2.044211]
sqrt_inv_norm_clamp: [0.130952, 0.227291, 0.146855, 0.388002, 0.425276, 0.630313, 1.781117, 1.048570, 0.137358, 0.339559, 0.156468, 1.331530, 3.468172, 0.369149, 1.071054, 1.375093, 0.796388, 3.132640, 2.044211]

Done.
